610.880	1	1	592
610.967	1	1	599
611.054	1	1	608
611.141	1	1	607
611.228	1	1	626
611.315	1	1	625
611.402	1	1	628
611.489	1	1	638
611.576	1	1	644
611.663	1	1	657
611.750	1	1	664
611.836	1	1	677
611.923	1	1	658
612.010	1	1	673
612.097	1	1	649
612.184	1	1	645
612.271	1	1	637
612.358	1	1	627
612.445	1	1	613
612.532	1	1	625
612.619	1	1	610
612.706	1	1	626
612.792	1	1	622
612.879	1	1	610
612.966	1	1	614
613.053	1	1	623
613.140	1	1	617
613.227	1	1	619
613.314	1	1	615
613.400	1	1	613
613.487	1	1	608
613.574	1	1	611
613.661	1	1	622
613.748	1	1	601
613.834	1	1	611
613.921	1	1	611
614.008	1	1	620
614.095	1	1	607
614.182	1	1	612
614.268	1	1	619
614.355	1	1	601
614.442	1	1	612
614.529	1	1	612
614.615	1	1	614
614.702	1	1	613
614.789	1	1	615
614.876	1	1	612
614.962	1	1	614
615.049	1	1	610
615.136	1	1	617
615.222	1	1	608
615.309	1	1	623
615.396	1	1	610
615.482	1	1	607
615.569	1	1	610
615.656	1	1	612
615.742	1	1	607
615.829	1	1	612
615.916	1	1	626
616.002	1	1	609
616.089	1	1	609
616.176	1	1	612
616.262	1	1	602
616.349	1	1	613
616.436	1	1	605
616.522	1	1	601
616.609	1	1	628
616.695	1	1	596
616.782	1	1	605
616.869	1	1	613
616.955	1	1	600
617.042	1	1	608
617.128	1	1	613
617.215	1	1	619
617.301	1	1	604
617.388	1	1	612
617.474	1	1	604
617.561	1	1	611
617.648	1	1	603
617.734	1	1	611
617.821	1	1	613
617.907	1	1	605
617.994	1	1	620
618.080	1	1	617
618.167	1	1	608
618.253	1	1	600
618.340	1	1	602
618.426	1	1	617
618.512	1	1	607
618.599	1	1	611
618.685	1	1	606
618.772	1	1	613
618.858	1	1	601
618.945	1	1	616
619.031	1	1	621
619.118	1	1	608
619.204	1	1	614
619.290	1	1	606
619.377	1	1	617
619.463	1	1	610
619.550	1	1	618
619.636	1	1	607
619.722	1	1	612
619.809	1	1	618
619.895	1	1	611
619.981	1	1	623
620.068	1	1	611
620.154	1	1	625
620.240	1	1	617
620.327	1	1	620
620.413	1	1	637
620.499	1	1	626
620.586	1	1	629
620.672	1	1	634
620.758	1	1	631
620.845	1	1	633
620.931	1	1	628
621.017	1	1	615
621.104	1	1	632
621.190	1	1	627
621.276	1	1	630
621.362	1	1	649
621.449	1	1	652
621.535	1	1	655
621.621	1	1	661
621.707	1	1	662
621.794	1	1	650
621.880	1	1	658
621.966	1	1	665
622.052	1	1	694
622.138	1	1	668
622.225	1	1	686
622.311	1	1	691
622.397	1	1	694
622.483	1	1	691
622.569	1	1	687
622.656	1	1	713
622.742	1	1	723
622.828	1	1	713
622.914	1	1	709
623.000	1	1	717
623.086	1	1	734
623.172	1	1	737
623.259	1	1	740
623.345	1	1	772
623.431	1	1	773
623.517	1	1	795
623.603	1	1	794
623.689	1	1	788
623.775	1	1	789
623.861	1	1	782
623.947	1	1	814
624.033	1	1	798
624.119	1	1	805
624.205	1	1	869
624.292	1	1	861
624.378	1	1	859
624.464	1	1	851
624.550	1	1	825
624.636	1	1	901
624.722	1	1	879
624.808	1	1	921
624.894	1	1	938
624.980	1	1	922
625.066	1	1	920
625.152	1	1	903
625.238	1	1	947
625.324	1	1	953
625.410	1	1	923
625.496	1	1	983
625.582	1	1	976
625.668	1	1	946
625.753	1	1	979
625.839	1	1	977
625.925	1	1	1083
626.011	1	1	958
626.097	1	1	1022
626.183	1	1	1014
626.269	1	1	1021
626.355	1	1	1046
626.441	1	1	1011
626.527	1	1	1064
626.613	1	1	1047
626.698	1	1	1045
626.784	1	1	995
626.870	1	1	1027
626.956	1	1	1035
627.042	1	1	1027
627.128	1	1	1031
627.214	1	1	1127
627.299	1	1	1101
627.385	1	1	1042
627.471	1	1	1084
627.557	1	1	1053
627.643	1	1	1038
627.729	1	1	1014
627.814	1	1	1092
627.900	1	1	1054
627.986	1	1	1042
628.072	1	1	1125
628.157	1	1	1075
628.243	1	1	1094
628.329	1	1	1075
628.415	1	1	1058
628.500	1	1	1078
628.586	1	1	1086
628.672	1	1	1085
628.758	1	1	1036
628.843	1	1	1105
628.929	1	1	1073
629.015	1	1	1060
629.101	1	1	1088
629.186	1	1	1054
629.272	1	1	1104
629.358	1	1	1092
629.443	1	1	1049
629.529	1	1	1080
629.615	1	1	1082
629.700	1	1	1063
629.786	1	1	1054
629.872	1	1	1079
629.957	1	1	1018
630.043	1	1	1043
630.128	1	1	1024
630.214	1	1	1032
630.300	1	1	1002
630.385	1	1	1005
630.471	1	1	1029
630.557	1	1	1031
630.642	1	1	968
630.728	1	1	1018
630.813	1	1	1021
630.899	1	1	979
630.984	1	1	1046
631.070	1	1	1001
631.156	1	1	959
631.241	1	1	1003
631.327	1	1	932
631.412	1	1	998
631.498	1	1	957
631.583	1	1	964
631.669	1	1	976
631.754	1	1	941
631.840	1	1	908
631.925	1	1	918
632.011	1	1	938
632.096	1	1	879
632.182	1	1	912
632.267	1	1	877
632.353	1	1	876
632.438	1	1	877
632.524	1	1	863
632.609	1	1	830
632.695	1	1	817
632.780	1	1	839
632.865	1	1	857
632.951	1	1	841
633.036	1	1	808
633.122	1	1	795
633.207	1	1	827
633.292	1	1	783
633.378	1	1	796
633.463	1	1	775
633.549	1	1	751
633.634	1	1	762
633.719	1	1	754
633.805	1	1	761
633.890	1	1	724
633.975	1	1	726
634.061	1	1	710
634.146	1	1	721
634.231	1	1	738
634.317	1	1	689
634.402	1	1	700
634.487	1	1	703
634.573	1	1	688
634.658	1	1	706
634.743	1	1	687
634.829	1	1	670
634.914	1	1	659
634.999	1	1	665
635.084	1	1	667
635.170	1	1	683
635.255	1	1	663
635.340	1	1	650
635.425	1	1	657
635.511	1	1	665
635.596	1	1	646
635.681	1	1	630
635.766	1	1	633
635.852	1	1	636
635.937	1	1	637
636.022	1	1	638
636.107	1	1	645
636.192	1	1	638
636.278	1	1	632
636.363	1	1	615
636.448	1	1	626
636.533	1	1	624
636.618	1	1	626
636.703	1	1	632
636.789	1	1	617
636.874	1	1	625
636.959	1	1	626
637.044	1	1	624
637.129	1	1	615
637.214	1	1	613
637.299	1	1	608
637.384	1	1	607
637.470	1	1	609
637.555	1	1	618
637.640	1	1	611
637.725	1	1	609
637.810	1	1	602
637.895	1	1	603
637.980	1	1	617
638.065	1	1	617
638.150	1	1	610
638.235	1	1	612
638.320	1	1	611
638.405	1	1	610
638.490	1	1	609
638.575	1	1	612
638.660	1	1	602
638.745	1	1	607
638.830	1	1	608
638.915	1	1	607
639.000	1	1	609
639.085	1	1	614
639.170	1	1	598
639.255	1	1	604
639.340	1	1	610
639.425	1	1	608
639.510	1	1	607
639.595	1	1	612
639.680	1	1	607
639.765	1	1	604
639.850	1	1	613
639.935	1	1	595
640.020	1	1	615
640.104	1	1	600
640.189	1	1	602
640.274	1	1	601
640.359	1	1	611
640.444	1	1	604
640.529	1	1	605
640.614	1	1	607
640.699	1	1	602
640.784	1	1	604
640.868	1	1	613
640.953	1	1	605
641.038	1	1	601
641.123	1	1	610
641.208	1	1	603
641.293	1	1	599
641.377	1	1	603
641.462	1	1	598
641.547	1	1	603
641.632	1	1	601
641.717	1	1	610
641.801	1	1	604
641.886	1	1	599
641.971	1	1	607
642.056	1	1	605
642.140	1	1	612
642.225	1	1	614
642.310	1	1	610
642.395	1	1	607
642.479	1	1	611
642.564	1	1	610
642.649	1	1	608
642.733	1	1	600
642.818	1	1	603
642.903	1	1	604
642.988	1	1	613
643.072	1	1	598
643.157	1	1	595
643.242	1	1	603
643.326	1	1	596
643.411	1	1	605
643.496	1	1	598
643.580	1	1	602
643.665	1	1	600
643.750	1	1	605
643.834	1	1	607
643.919	1	1	603
644.003	1	1	600
644.088	1	1	609
644.173	1	1	606
644.257	1	1	607
644.342	1	1	612
644.426	1	1	611
644.511	1	1	605
644.596	1	1	617
644.680	1	1	609
644.765	1	1	596
644.849	1	1	606
644.934	1	1	609
645.018	1	1	606
645.103	1	1	604
645.188	1	1	604
645.272	1	1	611
645.357	1	1	604
645.441	1	1	610
645.526	1	1	610
645.610	1	1	597
645.695	1	1	614
645.779	1	1	599
645.864	1	1	597
645.948	1	1	602
646.033	1	1	602
646.117	1	1	612
646.201	1	1	603
646.286	1	1	609
646.370	1	1	597
646.455	1	1	602
646.539	1	1	597
646.624	1	1	605
646.708	1	1	600
646.792	1	1	609
646.877	1	1	611
646.961	1	1	594
647.046	1	1	600
647.130	1	1	610
647.214	1	1	609
647.299	1	1	607
647.383	1	1	607
647.468	1	1	601
647.552	1	1	621
647.636	1	1	605
647.721	1	1	600
647.805	1	1	610
647.889	1	1	609
647.974	1	1	604
648.058	1	1	604
648.142	1	1	605
648.227	1	1	594
648.311	1	1	610
648.395	1	1	609
648.480	1	1	610
648.564	1	1	610
648.648	1	1	604
648.732	1	1	612
648.817	1	1	611
