620.954	1	1	584
621.040	1	1	600
621.127	1	1	591
621.214	1	1	605
621.300	1	1	608
621.387	1	1	619
621.474	1	1	606
621.560	1	1	620
621.647	1	1	618
621.734	1	1	609
621.820	1	1	609
621.907	1	1	615
621.993	1	1	599
622.080	1	1	611
622.167	1	1	606
622.253	1	1	613
622.340	1	1	618
622.426	1	1	605
622.513	1	1	617
622.599	1	1	609
622.686	1	1	612
622.773	1	1	605
622.859	1	1	614
622.946	1	1	611
623.032	1	1	610
623.119	1	1	617
623.205	1	1	612
623.292	1	1	606
623.378	1	1	601
623.465	1	1	603
623.551	1	1	612
623.638	1	1	614
623.724	1	1	596
623.811	1	1	615
623.897	1	1	594
623.984	1	1	612
624.070	1	1	613
624.157	1	1	603
624.243	1	1	617
624.329	1	1	608
624.416	1	1	616
624.502	1	1	604
624.589	1	1	605
624.675	1	1	619
624.762	1	1	603
624.848	1	1	626
624.934	1	1	611
625.021	1	1	610
625.107	1	1	611
625.194	1	1	621
625.280	1	1	605
625.366	1	1	612
625.453	1	1	607
625.539	1	1	612
625.625	1	1	620
625.712	1	1	611
625.798	1	1	608
625.884	1	1	620
625.971	1	1	614
626.057	1	1	601
626.143	1	1	617
626.230	1	1	612
626.316	1	1	620
626.402	1	1	615
626.488	1	1	628
626.575	1	1	615
626.661	1	1	605
626.747	1	1	607
626.833	1	1	629
626.920	1	1	618
627.006	1	1	621
627.092	1	1	619
627.178	1	1	614
627.265	1	1	622
627.351	1	1	617
627.437	1	1	626
627.523	1	1	617
627.610	1	1	634
627.696	1	1	630
627.782	1	1	616
627.868	1	1	622
627.954	1	1	628
628.040	1	1	617
628.127	1	1	635
628.213	1	1	650
628.299	1	1	627
628.385	1	1	652
628.471	1	1	631
628.557	1	1	651
628.643	1	1	663
628.730	1	1	659
628.816	1	1	642
628.902	1	1	672
628.988	1	1	644
629.074	1	1	642
629.160	1	1	657
629.246	1	1	671
629.332	1	1	695
629.418	1	1	689
629.504	1	1	686
629.590	1	1	689
629.677	1	1	711
629.763	1	1	701
629.849	1	1	745
629.935	1	1	714
630.021	1	1	686
630.107	1	1	730
630.193	1	1	751
630.279	1	1	728
630.365	1	1	755
630.451	1	1	763
630.537	1	1	742
630.623	1	1	791
630.709	1	1	804
630.795	1	1	764
630.881	1	1	795
630.967	1	1	790
631.053	1	1	837
631.138	1	1	853
631.224	1	1	874
631.310	1	1	871
631.396	1	1	937
631.482	1	1	871
631.568	1	1	895
631.654	1	1	972
631.740	1	1	906
631.826	1	1	945
631.912	1	1	964
631.998	1	1	946
632.083	1	1	994
632.169	1	1	1006
632.255	1	1	1010
632.341	1	1	1016
632.427	1	1	1043
632.513	1	1	1029
632.599	1	1	1067
632.684	1	1	1077
632.770	1	1	1081
632.856	1	1	1092
632.942	1	1	1088
633.028	1	1	1112
633.113	1	1	1182
633.199	1	1	1177
633.285	1	1	1255
633.371	1	1	1196
633.457	1	1	1170
633.542	1	1	1233
633.628	1	1	1266
633.714	1	1	1257
633.800	1	1	1215
633.885	1	1	1244
633.971	1	1	1342
634.057	1	1	1311
634.143	1	1	1300
634.228	1	1	1320
634.314	1	1	1361
634.400	1	1	1386
634.485	1	1	1283
634.571	1	1	1410
634.657	1	1	1297
634.743	1	1	1340
634.828	1	1	1406
634.914	1	1	1338
635.000	1	1	1363
635.085	1	1	1414
635.171	1	1	1379
635.257	1	1	1443
635.342	1	1	1397
635.428	1	1	1307
635.513	1	1	1356
635.599	1	1	1340
635.685	1	1	1385
635.770	1	1	1305
635.856	1	1	1368
635.941	1	1	1353
636.027	1	1	1377
636.113	1	1	1336
636.198	1	1	1367
636.284	1	1	1341
636.369	1	1	1270
636.455	1	1	1331
636.540	1	1	1344
636.626	1	1	1351
636.712	1	1	1283
636.797	1	1	1303
636.883	1	1	1270
636.968	1	1	1234
637.054	1	1	1217
637.139	1	1	1192
637.225	1	1	1216
637.310	1	1	1226
637.396	1	1	1168
637.481	1	1	1157
637.567	1	1	1133
637.652	1	1	1208
637.738	1	1	1130
637.823	1	1	1178
637.908	1	1	1106
637.994	1	1	1118
638.079	1	1	1064
638.165	1	1	1048
638.250	1	1	1071
638.336	1	1	1075
638.421	1	1	1072
638.506	1	1	999
638.592	1	1	1057
638.677	1	1	1028
638.763	1	1	1020
638.848	1	1	955
638.933	1	1	976
639.019	1	1	985
639.104	1	1	899
639.189	1	1	938
639.275	1	1	916
639.360	1	1	910
639.445	1	1	901
639.531	1	1	906
639.616	1	1	859
639.701	1	1	830
639.787	1	1	827
639.872	1	1	832
639.957	1	1	800
640.043	1	1	801
640.128	1	1	817
640.213	1	1	812
640.299	1	1	816
640.384	1	1	813
640.469	1	1	791
640.554	1	1	773
640.640	1	1	755
640.725	1	1	783
640.810	1	1	752
640.895	1	1	765
640.981	1	1	725
641.066	1	1	730
641.151	1	1	756
641.236	1	1	717
641.321	1	1	721
641.407	1	1	708
641.492	1	1	691
641.577	1	1	704
641.662	1	1	704
641.747	1	1	705
641.832	1	1	672
641.918	1	1	668
642.003	1	1	661
642.088	1	1	672
642.173	1	1	682
642.258	1	1	682
642.343	1	1	651
642.428	1	1	663
642.514	1	1	663
642.599	1	1	645
642.684	1	1	645
642.769	1	1	647
642.854	1	1	649
642.939	1	1	664
643.024	1	1	655
643.109	1	1	655
643.194	1	1	644
643.279	1	1	640
643.364	1	1	638
643.449	1	1	651
643.534	1	1	630
643.619	1	1	621
643.704	1	1	626
643.789	1	1	635
643.874	1	1	619
643.960	1	1	617
644.045	1	1	611
644.129	1	1	616
644.214	1	1	618
644.299	1	1	622
644.384	1	1	614
644.469	1	1	608
644.554	1	1	615
644.639	1	1	617
644.724	1	1	610
644.809	1	1	629
644.894	1	1	614
644.979	1	1	625
645.064	1	1	627
645.149	1	1	615
645.234	1	1	615
645.319	1	1	609
645.404	1	1	617
645.489	1	1	609
645.573	1	1	616
645.658	1	1	613
645.743	1	1	613
645.828	1	1	618
645.913	1	1	616
645.998	1	1	609
646.083	1	1	607
646.168	1	1	605
646.252	1	1	615
646.337	1	1	616
646.422	1	1	607
646.507	1	1	613
646.592	1	1	597
646.676	1	1	620
646.761	1	1	612
646.846	1	1	606
646.931	1	1	610
647.016	1	1	616
647.100	1	1	610
647.185	1	1	611
647.270	1	1	604
647.355	1	1	604
647.439	1	1	614
647.524	1	1	608
647.609	1	1	608
647.694	1	1	616
647.778	1	1	612
647.863	1	1	614
647.948	1	1	615
648.033	1	1	603
648.117	1	1	618
648.202	1	1	611
648.287	1	1	605
648.371	1	1	599
648.456	1	1	611
648.541	1	1	603
648.625	1	1	615
648.710	1	1	612
648.795	1	1	610
648.879	1	1	610
648.964	1	1	609
649.049	1	1	610
649.133	1	1	603
649.218	1	1	609
649.302	1	1	608
649.387	1	1	606
649.472	1	1	610
649.556	1	1	598
649.641	1	1	602
649.725	1	1	611
649.810	1	1	601
649.894	1	1	607
649.979	1	1	602
650.064	1	1	612
650.148	1	1	601
650.233	1	1	601
650.317	1	1	607
650.402	1	1	607
650.486	1	1	608
650.571	1	1	612
650.655	1	1	626
650.740	1	1	606
650.824	1	1	611
650.909	1	1	607
650.993	1	1	601
651.078	1	1	611
651.162	1	1	613
651.247	1	1	605
651.331	1	1	605
651.416	1	1	604
651.500	1	1	604
651.585	1	1	614
651.669	1	1	602
651.753	1	1	611
651.838	1	1	603
651.922	1	1	601
652.007	1	1	608
652.091	1	1	602
652.175	1	1	609
652.260	1	1	608
652.344	1	1	608
652.429	1	1	614
652.513	1	1	612
652.597	1	1	599
652.682	1	1	608
652.766	1	1	606
652.850	1	1	603
652.935	1	1	594
653.019	1	1	610
653.103	1	1	608
653.188	1	1	604
653.272	1	1	610
653.356	1	1	605
653.441	1	1	601
653.525	1	1	610
653.609	1	1	609
653.694	1	1	599
653.778	1	1	607
653.862	1	1	613
653.946	1	1	603
654.031	1	1	610
654.115	1	1	602
654.199	1	1	599
654.283	1	1	611
654.368	1	1	604
654.452	1	1	611
654.536	1	1	604
654.620	1	1	602
654.705	1	1	605
654.789	1	1	608
654.873	1	1	598
654.957	1	1	604
655.041	1	1	615
655.126	1	1	593
655.210	1	1	609
655.294	1	1	606
655.378	1	1	597
655.462	1	1	599
655.546	1	1	600
655.631	1	1	604
655.715	1	1	605
655.799	1	1	608
655.883	1	1	596
655.967	1	1	604
656.051	1	1	608
656.135	1	1	616
656.219	1	1	600
656.303	1	1	611
656.388	1	1	605
656.472	1	1	604
656.556	1	1	614
656.640	1	1	604
656.724	1	1	594
656.808	1	1	616
656.892	1	1	604
656.976	1	1	610
657.060	1	1	603
657.144	1	1	611
657.228	1	1	607
657.312	1	1	605
657.396	1	1	603
657.480	1	1	602
657.564	1	1	599
657.648	1	1	593
657.732	1	1	606
657.816	1	1	614
657.900	1	1	612
657.984	1	1	608
658.068	1	1	599
658.152	1	1	610
658.236	1	1	604
658.320	1	1	603
658.404	1	1	611
658.488	1	1	608
658.572	1	1	611
658.656	1	1	604
658.739	1	1	609
